flag chunk: 17087371613211910072
flag chunk: 17562327640018621965
flag chunk: 15048700445571926688
flag chunk: 18296020588816205129
1830472901265105884
830688589718064390
4120239553765531273
5359886799013355262
10110275933857747132
6926218731157006230
17522851015628278787
2871830302834341137
15210063216504036417
17353687309393514291
16684158442048395453
14438139703913491065
17249782466899098511
4116670195144346779
13096939423838231937
6170788487997559723
694431543302902154
15782663827981176758
4607874456808145549
178002982926953636
12095737642052387672
6775229502298646977
5082451973405455491
6991811266620229317
5007134054321335944
15065414757896786701
7303179078042756032
2226273488840304849
618742342497339755
4930024291409437011
5265613038076238950
8796030773201583278
2440302957204418475
9854954772547424589
15004955504936420257
2812570264922294087
18333055974610192319
14050300070574914450
835073823716238856
3868706404721312811
14761713487726726357
17078901467827052083
2107645836496333174
1963910321187610713
256105067142742817
12932412312334002582
1119600630019594618
8855852821427155763
4270504428589820494
10977402817083951939
4267246554190097917
13451711838356133014
3433875859840911909
13150478461951840945
7414346146041283140
10550374423190909529
11567259209882736501
5447564958640544907
18394049781782251084
5422841913983941705
1427377226710445540
7436839797554022472
3807881230673957164
18429733677276266833
3939622558387939154
13728963331178820227
13034467739680974456
349268538715844275
18091519811654314238
12277853419906181032
10371866691505998561
7553991046126826897
5927303101559564400
6049518779665659424
13857615806379811054
8748050216488721080
3164788862935249703
13728063915433891099
10340849662584454906
17163656325019777753
8885481651114942945
17161731618621187321
18069648130262550339
18174496422221521457
7689896954649388865
7977968283415464135
10752909615594977314
7256352878073257082
18398790230075912697
13559936837087273422
8820024845207190069
13466870856539452252
1090202074932264332
16061681964734132656
7313693565985394330
4811973757079204448
4354508194324507582
17000912987600230491
4292199381120625310
15865516930623936605
10645559695704137562
17596870269978670629
18057592721775491506
16609090664832883442
8951621722398629671
17737106830092285076
3962634180346528087
6420005240243409599
12089653016002644877
15454318664911454052
17034206240328048818
9399326911818450832
11056652833986995368
13749232685377345321
3291539706922899674
2834636617358674572
13419446007410858603
132590818540217542
9323886925457025045
14337540809746774371
13719943049848055962
10366079365466127803
2540322613434263928
6049196544037474662
10264111670330358617
6356465612460340148
7947306581995737524
9578294593530373968
13576628912550524630
17367903195064759579
16398400345076987418
18235477023304565924
5532767538877054346
16169546387412550093
16061764982106094781
8625012622914328076
13741684646552499127
6296156714218505898
1686019411104482906
17266950669629156175
7966473882967919129
1997020298138772798
9948027007624139379
13620481593358838904
1909073800422253036
361459041894632595
7847382466953855139
3022672299632271007
4444414388755924908
2007608851761735694
17227910298114624635
11039642437553710585
8011107726856351048
4709815749879644776
9094103227385805925
756742625121387380
17913630515538930093
6838831829390253477
8504260162412864316
1322717755804163770
18137562796460785795
16397938419814074982
14314844756616752719
1627993734387118078
9521254475395589851
10698418115242284785
11168512230490714765
3634019285288734368
3919309568135091250
311097624968472787
5698936013429717503
5374974189780913967
8475711929297975791
3780958982606352724
15881365500987585158
15167496975322747002
3111045560380405762
15245956248191756328
4310615011473351551
18229821596178106965
6177608895232411286
4899677962995965060
1986848656459181324
12452059567575045337
3397351973610628287
5266155323868240128
16446655798730936231
15089974084460062470
1538366626839506331
13587417554298122553
10650491085619650475
4606855455756384021
26786428396738495
1610365242505602597
15387231074919235708
9841325084256757496
5376950702146389356
12519609835564494594
12379370589791159138
10890145632800031008
11700427031481868687
1773224964921072259
6983986201101060338
12355891092754264423
1425102835361568301
1007366640668178009
18107157020595166356
17737574053995329675
609722909421334321
3370612845861830470
1325962532991906248
14832177541758315939
6381132063172301407
5381928009273771066
8345751935185453012
17265252758484830961
10375841087032729342
8703735294288709409
7027575290259457265
3423183643940669767
2413525818884564578
9718183923401616417
6420512236683198825
11231055173235799192
6952174734972723034
13841387495419155022
13910180680379667029
927322362209386076
10469536308422699090
12647511383758423273
17803565518056876622
12700780399582496016
9924333899935461073
16243488975037891844
7215209932296121796
8515320118070340502
8589275410647869240
4972268953635318107
13435937546213632857
1264790684628668119
14958101573570076743
18066919699208592125
3003250246430518732
13590398235128920373
8376364967625076587
4589854470143979341
9095967490505047271
11952123839844795377
4782119096958515961
2429312525961415527
5906687943444354174
3536564162604353177
16080346124516055851
810507130476945490
11904616027761548160
14009860372321463710
10557567101352371857
5686768715664366526
11940535784264175145
17110558418007298751
9201128682571919295
4091648782721371000
3948633408236022123
3751386909454927746
17622534077778394909
18220795691853018580
6052357795903395421
16350958312121276011
378376205281282943
1842875466150237255
2630216702333575977
7359880677029176121
5462734133530998244
4996409927975000049
1923866198596902078
11082435553801194853
15622760039254968582
14346336538656285559
5871646140385052140
2308726078551129713
17217515094539905872
4613615488936121329
8329439328430735561
10462386161433102585
9531740964255646643
16987378328686597511
5245152223200896959
17236633844762530008
3254752553578996595
18262579036198618597
6005768216917177689
17505448959877624152
1873967120623336206
14267499085317940205
13670273319207078450
17350959415167427788
16745054901636144118
13832281532722373424
1041013710451054895
2340901497122248699
9334175610410874673
2998458453770066954
14127227996487657088
14054415046022327488
8477786912432176373
17741952451752650269
6416698692430857098
3801559849221952710
3103852829004830176
639956639573715366
15253830524796126023
10705728004154302800
18067291289978581027
7483208877276537609
5008484192829755828
9823527349303840239
1027176357195317088
5228467584732377146
9735133760656669352
1180908020657151851
14537949388871582402
6450268630768031162
12353873723842778313
12831641666002864813
18172368353733325603
11257271458953817433
17569632273033589606
1234679892346588493
2819085208919585713
17263132898483482874
12649103121296992909
7067556463350974015
16532670790480287332
18260127789351057791
742153115669459720
8125639815973024754
11593983333245971636
7601708401552422517
15993908870744591552
14042198308626613134
8011226571961246822
9690344295099569182
5855875297810221074
588609940074996614
11447209968128985694
5901670512532708213
15742095633486127855
5408325262460209023
9063231308323016810
4867963797333484231
8005581101928095538
13868319934235385823
1766730863229596115
5289356865807444958
10201903554585123182
14483423351026158085
7071343050882614401
5268296286451461514
3921607273860444367
3451085992191206907
8970490724170846787
5330253710682990301
1046813078215996476
16935450122323205368
16378560181952368275
14732736104170324426
7752524993149758705
7432700697855707042
4812914251285218305
2531798376018176854
7597291210967961695
16349681837023886674
9345124679897152818
8479032512338675513
7607399441390711392
12847279945529274264
12047783362659382724
11545372074315302972
18348307695908803925
5201941992249811463
4913873540597096016
14933676582762189516
17939569355242424402
15925288111484455215
2789368020809251125
11127633092498949663
2306222839604989273
12184809962919642091
179126099148764900
6902181207613297819
11275877509701999685
1172832501533065014
9945913197317659874
14003463403807075892
402692954765492972
10175195879887444577
435379470168148009
10118947983550200826
258172443277781314
13951131344426221171
8566728595568173482
7186924993799575838
1727288441901431906
1260304021253699922
3899682857822021756
9004200770807639753
3523906013017737828
11779088613537177902
8982067006786208016
4308533216701226946
10361286789013736159
3730022272190466015
14956947340357470774
17121798763614589480
7176345530074141049
1359655003548722448
15205866852865521818
3272646140377273907
9866208746296272739
4727257256238602191
15295961185749932555
234978397202332506
10014527913454547442
9598482740269270861
4274872352035369683
4568512951669542504
14942638302672900572
9183922638963258583
4074192608243417585
8591167256483458685
6012611417155417093
11683238394638345326
11298814963583652131
1131219940713254883
15583521142347653600
1104435076851359503
4267546453578988864
5126136240611265545
1190328363888164930
17368301502949802343
17508362772069413430
12047455652977596689
1259495101957731568
5504065264157414536
6565883973470262515
6974992005208944735
13945238610455156807
17952557730957054803
68793416739688947
11950895865760868291
4776835350406462491
6334653732557909008
12752351760053304216
13027059921711767128
762941726128216475
13846303569275895548
15550026873707883808
8656486718239069341
14072381936135755009
12806537649163255854
8714010909541008019
7360158040910317734
7603389565758526317
17122152297564643947
9823218867285271074
14112870854129214410
14672482527064789615
7128713036296610249
6457951172799695394
16895790519517986673
2616824764229694017
3979703982373050178
13464278742405283286
17889743981952642873
5161977042432671241
17466885888824653300
5305262339760030445
18075732444902939065
7445472785684668888
5449304084900728998
7525570635431560555
15900688407943554959
10817323172868567567
16611096011725558291
7233164448486726049
3467888114616727968
13456945001673724358
898711324235100156
16101916933322063832
11963760344206038329
17890742794196284761
16184702727721334690
1382747051456999642
17455312903294631655
3902106972591726365
7055427607068100576
3695547118007838067
17802404208326221024
7101859974889747221
5224214176188927177
9057994376228683223
4795173116062577776
5851753753929233380
13175001645338661536
9419190208484054641
13883480657883051251
7918879229999847817
2430151946853574837
8881005501046465899
3098768982233548653
8254576334408419861
10924397765635047125
4011512859912633761
13795104973764693695
4780206665439944854
14489184978723289028
17310876220303896448
18026211644171319567
9323794386572093448
9227152236064193203
2830712186076374349
10593841192817848528
14618240156295770411
12359300689097991594
16173470167696028970
14647273365561889288
4698313766665861975
1082233841749195777
11025379042565900143
4211292892101490779
6581279597398887476
15316209529184166555
9000113645994411890
8228086939371960519
1232002342142475876
14446635157346262189
4132495485023131899
11427724612900936316
11558867908746836185
7538443507725350749
6876948383846084563
432069601931448892
1885385949413161305
12833014849345438723
12710602389778784864
15543536829795270008
4043164825973383616
5660152658651303346
536522485265350762
6929984558263512192
6785650143705954150
13834731727197904835
13191392408656257878
1867438662017164810
10714923432078527027
870416447103180895
8664197583909824315
10742471447934591371
6464420491043327262
12276743040191578278
7174520821127506118
5520316665717901896
17664563028858022039
6129825960428474161
14276261736755276737
16646624673179977849
5930165543468853803
16474683127466629141
9851423253392309806
13738417600776092104
12760976590109235677
3154918151706783745
4851871999321995245
16147042368909590735
500390819239002685
16096255829229170228
1432367255259821086
11002866629233569330
16276216786268108025
4261054806692765809
1814816653388448534
8437542624726575731
3025444725375691545
4951564365867257034
17749087309738831145
449487251313686063
43759377576764831
11926574043144373665
12781738312192745572
305127493866413939
8562989298827014755
6836238838522372977
17219565101066972789
6151660016252026662
2818390477346220239
1356778464456762223
11738406347967858381
5683118224998622729
11874770968091654453
16553270928542131889
337829796786631176
13707003933871759451
11322332374047928940
13140393883349621569
7446498664309518432
3644263717927525733
7351733440329170973
